# ------------------------------------------------------------
#IMG_4948:
#card1
[
  [12,19,36,60,67],
  [10,17,42,50,61],
  [4,18, FREE, 53,62],
  [1,20,41,56,69],
  [6,24,37,52,64]
] ,
#card2
[
  [15,24,42,47,70],
  [2,25,31,53,68],
  [4,19,FREE,57,69],
  [3,21,43,50,73],
  [8,30,45,55,74]
] ,
#card3
[
  [15,16,43,52,68],
  [6,29,38,48,63],
  [5,21,FREE, 46,67],
  [3,24,34,53,72],
  [11,26,37,51,62]
],
#card4
[
  [6,18,41,46,73],
  [3,26,44,48,74],
  [14,28,FREE,52,68],
  [10,21,40,50,67],
  [12,29,42,56,71]
],
#card5
[
  [2,18,43,48,74],
  [12,25,36,60,69],
  [5,20,FREE,54,70],
  [4,24,32,56,65],
  [7,19,38,59,63]
],
#card6
[
  [2,23,35,50,74],
  [12,29,36,55,73],
  [3,21,FREE,56,65],
  [8,30,31,47,68],
  [15,22,44,58,75]
]
# ------------------------------------------------------------
#IMG_4956:
#card1
[
  [8,28,39,54,67],
  [7,20,45,56,73],
  [15,16,FREE,59,63],
  [9,29,41,47,68],
  [4,24,40,46,72]
],
#card2
[
  [13,26,36,48,73],
  [11,30,40,53,72],
  [12,29,FREE,47,64],
  [10,22,35,46,62],
  [8,16,37,58,68]
],
#card3
[
  [4,24,40,51,66],
  [7,22,44,56,72],
  [2,30,FREE,57,70],
  [3,25,34,60,71],
  [12,20,31,47,75]
],
#card4
[
  [15,23,32,50,66],
  [3,24,34,49,67],
  [14,27,FREE,59,69],
  [5,28,31,56,74],
  [4,21,44,57,63]
],
#card5
[
  [12,30,35,49,69],
  [15,19,45,52,75],
  [5,20,FREE,54,63],
  [11,16,37,48,66],
  [10,28,39,46,74]
],
#card6
[
  [9,25,44,47,63],
  [5,27,33,53,73],
  [12,20,FREE,55,65],
  [14,26,37,59,67],
  [2,23,31,56,64]
]
# ------------------------------------------------------------
#IMG_4944:
#card1
[
  [9,21,41,59,67],
  [14,18,40,48,75],
  [2,22,FREE,47,65],
  [13,20,35,46,73],
  [10,19,36,60,66]
],
#card2
[
  [9,16,34,49,68],
  [6,30,32,55,69],
  [7,26,FREE,54,61],
  [10,23,33,60,63],
  [8,24,39,48,74]
],
#card3
[
  [14,25,31,58,63],
  [1,23,36,51,66],
  [6,29,FREE,54,62],
  [8,22,38,60,75],
  [5,24,45,49,72]
],
#card4
[
  [7,22,31,48,70],
  [9,21,41,60,74],
  [5,20,FREE,50,75],
  [8,30,37,51,63],
  [4,28,45,54,61]
],
#card5
[
  [9,28,40,50,75],
  [3,27,44,51,61],
  [11,23,FREE,60,73],
  [15,18,37,55,71],
  [6,21,31,49,68]
],
#card6
[
  [12,27,32,50,64],
  [6,26,36,60,72],
  [13,19,FREE,48,61],
  [9,28,31,57,71],
  [3,30,34,52,66]
]
# ------------------------------------------------------------
#IMG_4901:
#card1
[
  [12,23,33,53,65],
  [9,24,42,52,74],
  [2,28,FREE,47,72],
  [6,19,41,50,63],
  [3,22,36,59,66]
]
# ------------------------------------------------------------
#IMG_4902:
#card1
[
  [12,21,38,59,71],
  [9,30,35,60,61],
  [1,24,FREE,54,68],
  [6,29,42,55,63],
  [5,17,43,57,67]
]
#card2
[
  [12,23,33,53,65],
  [9,24,42,52,74],
  [2,28,FREE,47,72],
  [6,19,41,50,63],
  [3,22,36,59,66]
]
# ------------------------------------------------------------
#IMG_4904:
#card1
[
  [14,16,32,55,71],
  [7,30,42,57,62],
  [6,25,FREE,49,63],
  [4,29,31,53,69],
  [13,21,37,60,70]
]
#card2
[
  [12,16,32,51,63],
  [6,29,41,49,66],
  [2,17,FREE,47,65],
  [8,18,35,58,61],
  [7,27,39,60,68]
]
#card3
[
  [11,17,44,57,67],
  [3,27,43,49,73],
  [12,20,FREE,51,74],
  [13,25,31,55,70],
  [14,29,39,60,75]
]
# ------------------------------------------------------------
#IMG_4905:
#card1
[
  [8,23,32,57,68],
  [11,22,35,47,66],
  [10,16,FREE,53,69],
  [6,25,37,58,61],
  [2,19,31,46,73]
]
#card2
[
  [5,20,44,47,69],
  [11,29,31,60,66],
  [4,26,FREE,50,74],
  [15,23,33,54,73],
  [12,25,36,48,67]
]
#card3
[
  [11,20,41,59,67],
  [13,23,36,58,72],
  [15,28,FREE,51,62],
  [5,26,33,55,73],
  [8,21,40,49,64]
]
# ------------------------------------------------------------
#IMG_4907:
#card1
[
  [6,22,44,49,69],
  [11,26,45,47,70],
  [14,18,FREE,60,72],
  [8,17,32,50,75],
  [2,25,43,56,61]
]
#card2
[
  [15,30,36,54,73],
  [7,20,31,46,74],
  [10,29,FREE,48,64],
  [8,23,41,60,61],
  [9,16,32,57,67]
]
#card3
[
  [2,24,33,55,70],
  [7,19,39,53,61],
  [8,26,FREE,54,72],
  [13,16,44,48,64],
  [9,23,37,60,65]
]
# ------------------------------------------------------------
#IMG_4908:
#card1
[
  [9,29,38,48,63],
  [10,24,35,49,73],
  [11,23,FREE,54,67],
  [6,25,41,60,74],
  [14,20,33,57,64]
]
#card2
[
  [5,27,40,59,67],
  [8,26,33,60,73],
  [11,17,FREE,50,68],
  [6,30,44,54,63],
  [12,20,32,47,65]
]
#card3
[
  [2,20,35,51,68],
  [6,24,44,49,69],
  [13,17,FREE,60,71],
  [11,30,31,50,67],
  [7,21,38,53,66]
]
# ------------------------------------------------------------
#IMG_4910:
#card1
[
  [1,21,33,60,73],
  [5,17,36,55,61],
  [14,28,FREE,57,66],
  [15,27,32,58,71],
  [8,18,35,59,75]
]
#card2
[
  [14,22,38,54,64],
  [9,18,41,50,72],
  [11,29,FREE,56,62],
  [1,26,34,49,73],
  [8,27,40,51,70]
]
#card3
[
  [11,29,39,52,74],
  [15,26,36,56,73],
  [4,18,FREE,57,70],
  [7,24,37,59,68],
  [12,16,44,54,65]
]
# ------------------------------------------------------------
#IMG_4912:
#card1
[
  [3,21,38,47,68],
  [8,22,34,49,66],
  [10,26,FREE,54,64],
  [6,27,44,53,73],
  [4,20,31,46,71]
]
#card2
[
  [12,18,33,49,61],
  [14,27,41,57,65],
  [5,29,FREE,58,69],
  [15,19,38,54,72],
  [4,20,36,56,73]
]
#card3
[
  [3,20,39,60,67],
  [10,27,35,53,62],
  [12,28,FREE,52,66],
  [6,30,40,59,72],
  [9,19,44,57,75]
]
# ------------------------------------------------------------
#IMG_4913:
#card1
[
  [9,26,32,49,66],
  [6,19,37,47,61],
  [8,30,FREE,51,72],
  [10,20,45,56,63],
  [4,28,36,60,67]
]
#card2
[
  [12,18,44,51,63],
  [8,28,37,50,64],
  [13,21,FREE,58,70],
  [11,26,38,54,75],
  [4,27,34,46,69]
]
#card3
[
  [15,24,33,57,73],
  [2,27,41,51,64],
  [7,18,FREE,50,63],
  [4,23,36,52,61],
  [10,29,42,59,65]
]
# ------------------------------------------------------------
#IMG_4950:
#card1
[
  [13,28,40,48,72],
  [14,25,37,50,66],
  [3,21,FREE,56,74],
  [6,29,43,59,61],
  [12,24,34,60,70]
]
#card2
[
  [9,25,39,53,70],
  [10,19,44,50,69],
  [4,20,FREE,49,64],
  [5,23,42,54,68],
  [8,24,41,55,65]
]
#card3
[
  [8,27,31,50,73],
  [15,16,38,47,62],
  [12,23,FREE,46,64],
  [11,26,45,56,66],
  [9,28,43,54,67]
]
# ------------------------------------------------------------
#IMG_4959:
#card1
[
  [6,19,36,60,65],
  [9,30,40,59,66],
  [13,26,FREE,55,64],
  [5,21,41,54,74],
  [1,23,35,51,72]
]
#card2
[
  [10,27,44,55,71],
  [14,16,31,60,75],
  [4,19,FREE,46,64],
  [5,21,32,49,69],
  [7,17,35,52,70]
]
#card3
[
  [4,22,43,51,67],
  [7,21,44,59,66],
  [6,29,FREE,58,64],
  [14,28,34,49,73],
  [13,19,41,52,74]
]
# ------------------------------------------------------------
#IMG_4968:
#card1
[
  [14,16,34,54,70],
  [3,24,33,58,62],
  [13,27,FREE,55,72],
  [10,19,41,50,63],
  [15,23,40,56,74]
]
#card2
[
  [3,26,38,60,64],
  [12,24,39,58,65],
  [11,30,FREE,49,67],
  [14,23,41,52,74],
  [4,29,40,53,62]
]
#card3
[
  [4,22,42,46,69],
  [13,29,43,57,67],
  [14,26,FREE,55,61],
  [8,20,41,54,70],
  [11,28,33,48,68]
]
# ------------------------------------------------------------
#IMG_4969:
#card1
[
  [2,26,41,57,74],
  [4,27,35,51,75],
  [3,28,FREE,49,67],
  [1,20,45,52,73],
  [7,29,40,58,71]
]
#card2
[
  [8,23,44,49,61],
  [12,21,41,47,72],
  [14,18,FREE,53,71],
  [11,26,39,56,70],
  [15,27,35,60,68]
]
#card3
[
  [12,16,36,47,63],
  [4,18,40,50,69],
  [2,29,FREE,52,72],
  [9,20,45,51,70],
  [1,17,38,59,71]
]
# ------------------------------------------------------------
#IMG_4970:
#card1
[
  [12,28,35,55,70],
  [4,29,40,52,66],
  [8,25,FREE,48,71],
  [13,22,31,46,72],
  [15,23,44,54,62]
]
#card2
[
  [5,24,32,49,67],
  [6,16,34,51,74],
  [13,23,FREE,53,69],
  [14,30,41,56,64],
  [3,20,35,55,65]
]
#card3
[
  [6,16,45,55,69],
  [4,20,38,53,61],
  [14,26,FREE,54,65],
  [7,29,36,59,66],
  [1,28,37,46,63]
]
# ------------------------------------------------------------
#IMG_4971:
#card1
[
  [8,23,41,54,64],
  [13,18,33,49,63],
  [10,16,FREE,53,69],
  [9,24,36,47,68],
  [5,29,44,57,65]
]
#card2
[
  [12,17,35,56,70],
  [1,26,37,46,73],
  [3,20,FREE,51,67],
  [10,23,42,49,75],
  [11,24,39,48,71]
]
#card3
[
  [3,28,44,55,74],
  [2,19,41,51,71],
  [1,27,FREE,59,72],
  [14,20,31,50,75],
  [5,21,40,54,61]
]
# ------------------------------------------------------------
#IMG_4972:
#card1
[
  [3,30,34,54,66],
  [12,18,45,59,65],
  [10,21,FREE,57,75],
  [9,29,31,50,71],
  [6,16,38,47,73]
]
#card2
[
  [8,26,39,55,67],
  [15,22,33,57,69],
  [2,23,FREE,60,74],
  [4,18,42,50,63],
  [10,16,41,47,64]
]
#card3
[
  [10,23,42,51,67],
  [15,24,34,55,70],
  [6,25,FREE,57,69],
  [12,28,45,56,62],
  [8,19,36,52,75]
]
# ------------------------------------------------------------
#IMG_4973:
#card1
[
  [4,20,39,60,74],
  [10,21,31,56,75],
  [13,30,FREE,49,68],
  [15,18,40,53,61],
  [14,23,45,52,65]
]
#card2
[
  [6,25,32,47,63],
  [1,26,43,49,75],
  [12,30,FREE,57,69],
  [2,20,38,55,70],
  [13,28,39,56,62]
]
#card3
[
  [8,17,35,60,66],
  [14,29,34,59,70],
  [11,30,FREE,54,68],
  [5,26,38,55,73],
  [13,16,32,51,75]
]
# ------------------------------------------------------------
#IMG_4975:
#card1
[
  [5,20,40,52,70],
  [1,23,39,57,67],
  [6,26,FREE,56,64],
  [12,25,32,60,72],
  [10,22,37,50,74]
]
#card2
[
  [9,28,40,55,70],
  [8,29,31,49,63],
  [1,24,FREE,47,64],
  [10,23,42,59,75],
  [3,20,37,46,67]
]
#card3
[
  [7,30,33,58,71],
  [8,23,44,53,69],
  [2,20,FREE,54,67],
  [1,28,37,49,63],
  [9,22,41,48,72]
]
# ------------------------------------------------------------
#IMG_4976:
#card1
[
  [4,29,45,51,74],
  [9,23,38,55,70],
  [11,20,FREE,52,62],
  [12,22,34,58,67],
  [15,18,31,60,63]
]
#card2
[
  [11,30,37,51,70],
  [9,28,36,54,75],
  [3,21,FREE,48,69],
  [14,22,33,59,64],
  [15,27,32,58,71]
]
#card3
[
  [13,26,43,51,72],
  [15,30,44,60,70],
  [14,21,FREE,59,71],
  [1,19,39,49,66],
  [6,29,35,52,65]
]
# ------------------------------------------------------------
#IMG_4977:
#card1
[
  [3,23,31,50,70],
  [13,22,43,56,63],
  [10,16,FREE,48,66],
  [12,20,34,49,72],
  [1,21,44,59,65]
]
#card2
[
  [15,24,39,60,71],
  [9,20,36,49,65],
  [7,29,FREE,58,68],
  [11,28,34,52,62],
  [6,21,40,57,72]
]
#card3
[
  [14,24,40,50,64],
  [11,25,34,57,68],
  [5,26,FREE,54,63],
  [10,28,37,47,65],
  [12,19,39,49,72]
]
# ------------------------------------------------------------
#IMG_4978:
#card1
[
  [13,22,37,57,68],
  [11,19,41,58,66],
  [14,29,FREE,51,70],
  [10,20,40,55,72],
  [12,21,42,54,67]
]
#card2
[
  [7,24,31,54,66],
  [10,30,34,59,63],
  [4,25,FREE,53,71],
  [5,26,33,47,70],
  [1,29,44,46,61]
]
#card3
[
  [9,21,43,49,67],
  [3,27,36,51,66],
  [11,16,FREE,60,74],
  [6,28,33,55,72],
  [1,17,41,53,73]
]
# ------------------------------------------------------------
#IMG_4992:
#card1
[
  [15,16,32,47,61],
  [4,20,42,49,74],
  [6,24,FREE,50,62],
  [13,25,43,52,73],
  [14,29,44,60,63]
]
#card2
[
  [2,18,33,47,66],
  [14,22,38,50,74],
  [4,29,FREE,59,68],
  [11,16,41,57,61],
  [6,27,42,53,69]
]
# ------------------------------------------------------------
#IMG_4993:
#card1
[
  [12,24,42,51,64],
  [4,16,33,57,61],
  [6,18,FREE,52,72],
  [8,21,41,56,69],
  [10,27,39,53,66]
]
#card2
[
  [5,22,45,56,65],
  [6,27,35,52,75],
  [8,20,FREE,48,61],
  [12,17,37,60,63],
  [2,16,31,58,62]
]
# ------------------------------------------------------------
#IMG_4994:
#card1
[
  [2,30,33,51,62],
  [7,29,35,58,74],
  [9,23,FREE,46,71],
  [10,21,36,47,68],
  [1,20,38,49,63]
]
#card2
[
  [15,17,44,53,66],
  [4,28,35,59,74],
  [8,21,FREE,47,63],
  [2,26,41,55,70],
  [11,30,38,56,73]
]
# ------------------------------------------------------------
#IMG_4995:
#card1
[
  [1,19,37,46,63],
  [3,26,40,51,65],
  [12,29,FREE,50,67],
  [11,30,31,52,70],
  [15,25,32,54,72]
]
#card2
[
  [12,16,42,60,64],
  [4,27,31,47,71],
  [3,20,FREE,56,72],
  [13,23,37,55,74],
  [5,24,33,54,61]
]
# ------------------------------------------------------------
