
# ------------------------------------------------------------
# Sheet 33, images 5149 - 5158

blue_sheet_033.JPG
Card 1:
Eight, 15, two, 10, six, 21, 27, 16, 29, 24, 44, 37, 38, 33, 53, 60, 48, 52, 55, 62, 69, 74, 73, 66
Card two:
Four, 13, 14, 10, 12, 20, 23, 30, 22, 26, 38, 35, 33, 32, 55, 49, 47, 60, 58, 71, 65, 61, 74, 72
Card three:
14, 15, six, four, 11, 21, 16, 18, 19, 23, 38, 41, 36, 31, 51, 54, 56, 50, 59, 65, 71, 67, 63, 75

orange_sheet_033.JPG
Card one:
13, six, 14, four, one, 24, 20, 17, 27, 18, 37, 41, 45, 34, 56, 51, 55, 58, 49, 69, 75, 71, 70, 73
Card two:
14, 10, 15, eight, 13, 24, 17, 23, 21, 16, 37, 34, 43, 39, 48, 58, 60, 54, 53, 61, 68, 63, 67, 65
Card three:
11, one, 15, two, four, 16, 27, 24, 23, 20, 41, 33, 31, 40, 51, 58, 53, 52, 55, 63, 61, 71, 62, 75

green_sheet_033.JPG
Card one:
14, nine, two, one, six, 26, 19, 29, 23, 20, 32, 35, 45, 44, 54, 59, 49, 48, 52, 65, 75, 61, 66, 64
Card two:
Eight, nine, three, 12, seven, 30, 17, 21, 26, 22, 36, 31, 35, 43, 53, 56, 46, 49, 58, 67, 73, 68, 66, 74
Card three:
Three, 15, 14, seven, eight, 17, 18, 19, 26, 29, 44, 38, 42, 33, 60, 56, 57, 52, 53, 61, 65, 70, 74, 68

yellow_sheet_033.JPG
Card one:
10, 13, six, three, nine, 17, 26, 30, 28, 25, 42, 34, 37, 41, 54, 51, 56, 57, 49, 72, 73, 65, 75, 69
Card two:
Three, nine, two, seven, four, 26, 21, 30, 27, 17, 32, 34, 33, 31, 49, 54, 53, 46, 47, 64, 65, 63, 71, 68
Card Three:
One, 14, eight, six, 10, 21, 20, 23, 19, 26, 38, 35, 39, 45, 49, 53, 59, 54, 47, 64, 75, 71, 65, 74

Pink 5153:
pink_sheet_033.JPG
Card one:
Three, 15, six, eight, five, 19, 21, 27, 18, 24, 45, 43, 42, 35, 51, 57, 58, 47, 55, 73, 65, 61, 68, 70
Card two:
11, 13, four, 10, eight, 27, 28, 29, 23, 30, 36, 32, 37, 35, 58, 53, 49, 52, 47, 63, 66, 62, 68, 75
Card three:
Six, two, 14, nine, 10, 18, 27, 19, 17, 23, 45, 36, 41, 35, 56, 57, 50, 51, 54, 66, 72, 70, 63, 75

gray_sheet_033.JPG
Card one:
Nine, 10, 11, two, 15, 18, 22, 17, 24, 29, 45, 34, 42, 43, 47, 51, 58, 59, 53, 66, 61, 69, 73, 72
Card two:
One, 11, 10, 14, seven, 29, 28, 22, 16, 25, 34, 36, 35, 39, 47, 59, 60, 48, 56, 71, 70, 66, 64, 63
Card three:
Five, seven, 12, nine, six, 25, 18, 27, 16, 30, 41, 33, 34, 32, 49, 50, 47, 57, 53, 67, 63, 75, 73, 64

oliveGreen_sheet_033.JPG
Card one:
Three, two, 14, five, nine, 28, 25, 19, 24, 22, 31, 43, 44, 35, 46, 56, 49, 54, 57, 68, 65, 74, 64, 70
Card two:
Eight, four, six, one, two, 26, 25, 16, 27, 23, 34, 40, 36, 37, 50, 60, 53, 58, 57, 69, 72, 62, 63, 64
Card three:
Seven, two, 15, one, four, 26, 21, 24, 18, 23, 33, 39, 38, 31, 59, 49, 54, 53, 46, 68, 67, 61, 73, 72

brown_sheet_033.JPG
Card one:
13, 14, 15, nine, four, 28, 23, 21, 17, 27, 40, 42, 32, 36, 49, 53, 51, 48, 57, 62, 69, 63, 68, 75
Card two:
One, two, 11, seven, 13, 27, 20, 18, 26, 17, 42, 39, 44, 45, 52, 47, 57, 50, 59, 70, 68, 64, 71, 63
Card three:
15, 14, one, three, two, 22, 20, 26, 28, 19, 38, 43, 45, 39, 58, 57, 59, 46, 53, 61, 72, 64, 70, 66

red_sheet_033.JPG
Card one:
Seven, two, 15, six, 14, 17, 16, 19, 23, 29, 38, 32, 43, 34, 49, 55, 51, 57, 50, 66, 75, 74, 68, 72
Card two:
13, seven, two, three, nine, 19, 18, 27, 30, 29, 32, 39, 35, 41, 46, 56, 51, 58, 60, 74, 67, 62, 70, 72
Card three:
Six, two, 12, 14, one, 18, 17, 29, 23, 22, 31, 45, 44, 41, 47, 59, 50, 57, 46, 68, 70, 67, 72, 73


hotPink_sheet_033.JPG
Card one:
10, 11, 15, 13, nine, 16, 28, 24, 20, 26, 32, 37, 44, 35, 51, 54, 46, 60, 48, 67, 61, 73, 74, 64
Card two:
Nine, 10, four, seven, 11, 20, 19, 17, 30, 27, 44, 42, 39, 41, 55, 53, 60, 47, 52, 69, 66, 68, 64, 61
Card three:
11, two, three, 15, one, 20, 26, 16, 23, 28, 37, 33, 32, 42, 53, 50, 52, 51, 59, 68, 61, 69, 75, 70

#
# ------------------------------------------------------------
# Sheet 34

blue_sheet_034.JPG
Card one:
11, two, five, 14, nine, 30, 18, 17, 22, 27, 37, 34, 42, 43, 54, 60, 56, 46, 53, 61, 69, 65, 72, 71
Card two:
Seven, 11, eight, two, 15, 17, 21, 16, 24, 19, 43, 42, 31, 34, 57, 51, 48, 53, 50, 70, 75, 66, 64, 68
Card three:
One, 13, two, 10, seven, 20, 28, 25, 22, 27, 45, 35, 33, 43, 58, 52, 55, 48, 57, 70, 68, 69, 64, 73 

orange_sheet_034.JPG
Card one:
Eight, nine, 10, 15, 12, 16, 23, 25, 26, 19, 39, 38, 32, 43, 47, 57, 60, 54, 52, 66, 74, 72, 64, 61
Card two:
13, seven, four, two, 15, 20, 24, 16, 17, 22, 38, 32, 33, 36, 56, 48, 47, 57, 52, 66, 74, 75, 73, 62
Card three:
13, six, seven, nine, five, 28, 17, 29, 30, 25, 32, 39, 37, 44, 60, 50, 46, 47, 49, 68, 74, 73, 69, 64

green_sheet_034.JPG
card one:
11, 13, three, 10, seven, 24, 22, 18, 30, 17, 43, 33, 36, 31, 47, 56, 53, 51, 57, 71, 74, 63, 67, 69
Card two:
11, 15, 10, 13, 14, 28, 24, 16, 20, 29, 39, 33, 41, 40, 54, 57, 50, 60, 51, 61, 69, 63, 71, 64
Card three:
10, three, 12, 13, nine, 30, 25, 28, 21, 23, 37, 39, 33, 38, 59, 60, 55, 58, 46, 73, 61, 65, 63, 68

yellow_sheet_034.JPG
Card one:
Seven, five, 11, 10, two, 25, 23, 18, 30, 22, 41, 33, 31, 39, 47, 54, 59, 51, 58, 65, 68, 71, 63, 62
Card two:
13, six, five, 11, one, 22, 19, 23, 18, 28, 45, 37, 36, 40, 57, 52, 51, 59, 50, 72, 67, 75, 73, 62
Card three:
Three, 12, 15, 11, 13, 27, 16, 22, 29, 28, 41, 42, 36, 37, 55, 60, 51, 48, 56, 61, 63, 67, 70, 73

pink_sheet_034.JPG
Card one:
12, 13, 11, four, nine, 17, 23, 28, 30, 29, 31, 34, 32, 38, 53, 56, 48, 59, 50, 72, 71, 67, 63, 75
Card two:
One, six, eight, two, nine, 25, 29, 19, 26, 27, 37, 43, 45, 41, 59, 55, 56, 49, 54, 69, 71, 73, 68, 75
Card three:
Four, five, three, 12, seven, 25, 21, 20, 30, 24, 31, 38, 33, 34, 49, 58, 55, 52, 59, 73, 71, 65, 68, 74

gray_sheet_034.JPG
Card one:
Seven, three, five, 14, one, 16, 25, 28, 21, 23, 38, 37, 33, 40, 56, 46, 48, 60, 55, 71, 67, 63, 74, 65
Card two:
Six, four, three, 13, nine, 18, 23, 24, 30, 20, 44, 40, 42, 32, 49, 57, 51, 50, 53, 67, 75, 73, 69, 61
Card three:
Six, 13, nine, 10, eight, 23, 30, 22, 27, 26, 36, 33, 40, 41, 50, 59, 53, 46, 55, 65, 70, 67, 62, 74

oliveGreen_sheet_034.JPG
Card one:
Seven, 14, five, one, 12, 22, 29, 17, 16, 20, 38, 33, 41, 44, 58, 54, 50, 57, 60, 70, 73, 68, 65, 64
Cards two:
11, five, 12, 15, seven, 24, 29, 17, 22, 21, 31, 45, 39, 38, 47, 49, 51, 46, 52, 61, 74, 66, 73, 65
Card three:
12, eight, 10, 14, 13, 29, 20, 28, 17, 30, 40, 32, 41, 37, 47, 55, 48, 51, 52, 71, 64, 75, 74, 62

brown_sheet_034.JPG
Card one:
Two, five, one, seven, 12, 18, 19, 22, 25, 29, 41, 37, 35, 45, 50, 55, 52, 46, 54, 65, 72, 67, 71, 73
Card two:, 
Eight,15, 13, 14, 12, 23, 19, 22, 28, 17, 31, 40, 44, 39, 46, 54, 49, 59, 57, 68, 70, 74, 61, 64
Card three:
Seven, nine, four, 12, 13, 16, 25, 17, 18, 23, 42, 35, 41, 44, 60, 55, 52, 48, 49, 65, 67, 62, 68, 71

red_sheet_034.JPG
Card one:
13, three, 10, four, eight, 26, 25, 21, 20, 30, 37, 44, 33, 35, 54, 48, 56, 46, 60, 67, 61, 71, 64, 70
Card two:
Five, 11, 12, one, 14, 28, 20, 22, 24, 17, 43, 40, 45, 33, 47, 55, 59, 52, 54, 68, 64, 63, 73, 69
Card three:
Two, 14, 11, seven, four, 21, 26, 16, 29, 24, 43, 33, 34, 38, 48, 52, 60, 49, 58, 67, 68, 71, 73, 70

hotPink_sheet_034.JPG
Card one:
Four, 10, 13, nine, seven, 22, 20, 23, 28, 30, 34, 33, 38, 41, 46, 48, 57, 60, 51, 74, 68, 63, 66, 61
Card two:
14, 15, 13, two, six, 16, 22, 29, 24, 18, 33, 32, 43, 31, 49, 48, 50, 54, 58, 67, 75, 70, 62, 63
Card three:
Eight, four, nine, 13, 14, 22, 27, 19, 21, 17, 31, 43, 36, 44, 46, 48, 55, 58, 57, 63, 64, 66, 74, 71

#
#------------------------------------------------------------
# Sheet 035

blue_sheet_035.JPG
Card one:
Four, eight, three, six, 15, 21, 29, 19, 24, 16, 32, 36, 35, 44, 55, 48, 51, 57, 49, 74, 62, 66, 67, 75
Card two:
One, six, five, three, nine, 27, 25, 29, 28, 18, 41, 45, 39, 40, 54, 46, 59, 52, 56, 73, 67, 63, 62, 69
Card three:
14, eight, five, 13, 15, 26, 22, 24, 28, 21, 45, 34, 31, 40, 53, 48, 59, 56, 58, 64, 62, 74, 71, 67

orange_sheet_035.JPG
Card one:
Seven, five, 15, 12, two, 21, 26, 19, 28, 16, 34, 31, 42, 40, 49, 52, 58, 57, 56, 72, 61, 65, 75, 71
Card two:
12, three, nine, five, six, 19, 29, 23, 21, 30, 40, 35, 42, 34, 50, 51, 54, 60, 49, 72, 63, 65, 61, 68
Card three:
10, 12, three, eight, 14, 26, 22, 19, 18, 21, 45, 34, 35, 43, 54, 56, 48, 59, 57, 70, 66, 72, 67, 65

green_sheet_035.JPG
Card one:
15, eight, five, four, 12, 28, 25, 21, 16, 27, 42, 34, 38, 40, 60, 55, 50, 58, 46, 62, 72, 73, 70, 68
Card two:
Three, two, five, 12, 10, 26, 17, 30, 22, 27, 43, 40, 44, 38 eight, 51, 59, 49, 54, 60, 73, 70, 61, 74, 69
Card three:
14, 11, six, five, 15, 20, 26, 29, 16, 18, 42, 31, 32, 36, 57, 53, 49, 54, 56, 69, 74, 66, 75, 62

yellow_sheet_035.JPG
Card one:
Nine, one, six, 14, 12, 19, 28, 21, 26, 27, 35, 45, 42, 34, 52, 49, 48, 56, 57, 69, 75, 73, 70, 66
Cards two:
10, 14, eight, 15, 12, 24, 29, 25, 20, 16, 44, 42, 35, 38, 58, 60, 56, 55, 48, 70, 69, 74, 61, 66
Card 3:
2, 14, nine, 15, 11, 18, 28, 27, 25, 22, 34, 36, 44, 35, 55, 49, 54, 58, 53, 75, 69, 71, 64, 73

pink_sheet_035.JPG
Card one:
Eight, 11, 10, one, four, 21, 26, 28, 19, 25, 43, 35, 41, 45, 50, 48, 53, 47, 52, 63, 67, 72, 75, 66
Card two:
10, 13, 11, four, 14, 28, 30, 18, 23, 24, 38, 31, 44, 40, 52, 53, 50, 46, 48, 63, 62, 66, 72, 64
Card three:
One, 15, 13, 11, eight, 22, 26, 28, 29, 16, 43, 32, 39, 40, 48, 53, 47, 60, 46, 62, 69, 67, 64, 61

gray_sheet_035.JPG
Card one:
Four, 12, six, eight, 13, 20, 19, 26, 27, 30, 36, 41, 31, 32, 54, 49, 57, 52, 50, 68, 70, 62, 64, 75
Card two:
Four, 10, 12, three, eight, 30, 20, 21, 24, 27, 38, 41, 32, 37, 49, 46, 56, 48, 54, 71, 74, 70, 72, 66
Card three:
Three, two, four, 14, 11, 28, 18, 21, 20, 17, 31, 38, 42, 32, 51, 47, 58, 52, 48, 63, 75, 72, 69, 64

oliveGreen_sheet_035.JPG
Card one:
15, two, 13, 10, 11, 19, 24, 27, 21, 26, 39, 40, 45, 32, 59, 52, 49, 46, 56, 71, 62, 69, 72, 67
Card two:
10, nine, 14, three, 13, 30, 18, 20, 19, 28, 43, 33, 32, 35, 55, 48, 59, 56, 54, 68, 75, 70, 71, 67
Card three:
14, 12, seven, 13, one, 29, 17, 24, 19, 23, 41, 45, 34, 38, 57, 53, 51, 54, 47, 69, 70, 62, 72, 75

brown_sheet_035.JPG
Card one: 
13, 15, 14, two, eight, 23, 20, 29, 18, 26, 41, 45, 36, 32, 55, 58, 50, 46, 53, 74, 62, 65, 61, 68
Card two:
Nine, 11, one, five, seven, 25, 16, 29, 21, 26, 37, 36, 35, 34, 47, 53, 48, 60, 51, 72, 71, 73, 69, 67
Card three:
10, 11, five, eight, six, 21, 27, 24, 30, 29, 32, 37, 40, 36, 54, 56, 50, 51, 47, 73, 63, 75, 69, 74 

red_sheet_035.JPG
Card one:
One, five, 12, 11, nine, 24, 28, 18, 27, 22, 41, 36, 31, 39, 53, 59, 47, 58, 52, 63, 69, 62, 65, 73
Card two:
Seven, 14, one, 10, 13, 16, 25, 22, 28, 24, 42, 41, 40, 35, 54, 60, 46, 52, 58, 66, 68, 73, 65, 74
Card three:
15, 10, 12, three, one, 19, 17, 27, 23, 20, 31, 35, 42, 45, 47, 46, 56, 50, 55, 63, 61, 72, 74, 69

hotPink_sheet_035.JPG
Card one:
One, five, 11, 12, 15, 24, 19, 26, 16, 27, 39, 31, 43, 36, 55, 50, 49, 53, 59, 75, 62, 71, 73, 64
Card two:
Eight, 12, three, five, one, 23, 21, 28, 25, 26, 45, 37, 34, 35, 51, 56, 59, 57, 46, 65, 72, 71, 73, 74
Card three:
Two, 14, five, 15, 13, 22, 25, 21, 17, 18, 43, 42, 44, 45, 57, 58, 52, 46, 53, 73, 68, 62, 69, 65

#
#------------------------------------------------------------
# Sheet 036

blue_sheet_036.JPG
Card one:
10, seven, 12, one, 13, 23, 20, 25, 26, 28, 45, 41, 38, 39, 50, 58, 59, 47, 52, 73, 63, 68, 64, 70
Card two:
13, three, eight, 15, two, 20, 26, 27, 18, 25, 35, 40, 32, 31, 59, 46, 55, 52, 56, 67, 70, 73, 74, 61
Card three:
One, nine, 10, four, 12, 19, 16, 25, 17, 18, 41, 43, 37, 42, 47, 49, 60, 46, 55, 69, 65, 73, 68, 66

orange_sheet_036.JPG
Card one:
10, three, 14, eight, four, 27, 24, 23, 22, 30, 32, 36, 39, 44, 51, 53, 60, 55, 46, 63, 62, 66, 68, 74
Card two:
One, eight, 10, 14, 11, 18, 27, 26, 25, 28, 31, 39, 44, 41, 53, 58, 59, 46, 55, 70, 64, 71, 67, 69
Card Three:
12, five, 11, one, 10, 29, 16, 18, 25, 20, 36, 40, 43, 35, 46, 60, 47, 52, 49, 69, 63, 71, 66, 68

green_sheet_036.JPG
Card one:
13, eight, three, 10, five, 24, 30, 29, 19, 26, 37, 35, 44, 40, 54, 58, 60, 59, 49, 68, 72, 62, 66, 73
Card two:
15, six, 11, eight, seven, 23, 18, 21, 16, 20, 32, 37, 42, 34, 50, 53, 55, 48, 57, 67, 64,, 68, 66, 75
Card three:
Four, two, one, eight, seven, 17, 27, 19, 24, 22, 34, 45, 43, 44, 52, 47, 48, 51, 50, 67, 70, 64, 72, 71

yellow_sheet_036.JPG
Card one:
15, four, three, 13, eight, 29, 16, 24, 20, 17, 43, 32, 36, 37, 55, 60, 50, 46, 53, 72, 61, 64, 67, 74
Card two:
Seven, five, 15, 11, eight, 24, 26, 22, 16, 29, 39, 42, 44, 32, 48, 54, 52, 47, 58, 75, 63, 72, 64, 74
Card three:
12, seven, 10, five, 13, 19, 30, 23, 16, 17, 39, 40, 38, 41, 48, 56, 50, 60, 52, 72, 66, 61, 65, 70

pink_sheet_036.JPG
Card one:
Five, three, two, nine, 12, 30, 17, 22, 27, 24, 44, 31, 36, 39, 49, 59, 57, 51, 46, 64, 68, 70, 62, 74
Card two:
Five, 15, 12, three, seven, 20, 16, 21, 22, 17, 39, 34, 42, 36, 60, 58, 51, 47, 57, 61, 74, 70, 67, 65
Card three:
Seven, four, three, six, 11, 30, 20, 17, 19, 16, 44, 37, 34, 39, 56, 46, 60, 48, 47, 68, 71, 61, 65, 73

gray_sheet_036.JPG
Card one:
11, eight, four, Five , 14, 25, 30, 16, 28, 20, 33, 38, 35, 42, 57, 58, 55, 53, 47, 62, 70, 64, 74, 66
Card two:
One, five, 14, nine, 13, 18, 22, 25, 29, 17, 45, 34, 39, 31, 51, 59, 58, 52, 53, 73, 63, 65, 62, 75
Card three:
Seven, 12, five, 15, 1, 19, 24, 25, 29, 16, 43, 39, 35, 37, 56, 60, 54, 49, 57, 71, 66, 73, 61, 68

oliveGreen_sheet_036.JPG
Card one:
Four, three, six, eight, nine, 23, 18, 25, 30, 28, 37, 35, 31, 34, 51, 48, 55, 53, 47, 63, 74, 61, 66, 75
Card two:
10, five, one, 14, nine, 21, 20, 27, 29, 22, 43, 41, 38, 45, 48, 49, 53, 56, 50, 66, 75, 61, 72, 70
Card three:
Five, 11, six, four, eight, 26, 18, 30, 25, 21, 36, 31, 35, 33, 52, 46, 55, 48, 58, 67, 68, 73, 65, 64

brown_sheet_036.JPG
Card one:
One, five, seven, 10, 11, 17, 27, 21, 25, 28, 43, 40, 44, 35, 48, 52, 56, 57, 60, 70, 64, 73, 71, 67
Card two:
Four, three, 10, six, two, 30, 20, 27, 18, 24, 33, 38, 41, 43, 55, 50, 52, 56, 58, 66, 63, 65, 62, 75
Card three:
Four, eight, three, two, 12, 30, 16, 17, 23, 18, 32, 36, 38, 42, 52, 54, 46, 47, 49, 69, 62, 65, 74, 66

red_sheet_036.JPG
Card one:
Six, eight, 13, 10, one, 29, 17, 21, 28, 23, 36, 33, 44, 38, 60, 47, 49, 53, 55, 69, 63, 65, 64, 71
Card two:
Three, nine, five, 15, eight, 21, 27, 19, 20, 23, 36, 45, 38, 34, 53, 59, 50, 57, 47, 72, 63, 64, 70, 61
Card three:
Six, 13, five, eight, nine, 28, 22, 30, 18, 25, 32, 36, 39, 41, 59, 57, 51, 53, 54, 62, 65, 64, 66, 75

hotPink_sheet_036.JPG
Card one:
Eight, two, 14, three, six, 21, 29, 17, 18, 25, 42, 40, 45, 35, 52, 47, 58, 56, 54, 70, 72, 69, 67, 65
Card two:
15, 13, three, five, four, 29, 25, 24, 26, 18, 38, 36, 39, 45, 59, 58, 50, 46, 51, 70, 61, 73, 67, 65
Card three:
One, 12, seven, four, 10, 19, 24, 29, 16, 23, 39, 37, 41, 38, 56, 59, 60, 49, 47, 66, 63, 72, 64, 67

#
#------------------------------------------------------------
# Sheet 037

blue_sheet_037.JPG
Card one:
15, five, three, 13, eight, 21, 25, 29, 18, 23, 40, 45, 41, 36, 59, 50, 46, 52, 48, 66, 61, 73, 68, 70
Card two:
11, seven, 10, one, 12, 16, 28, 19, 17, 24, 36, 44, 41, 34, 57, 50, 47, 53, 60, 72, 66, 62, 71, 64
Card three:
Six, seven, three, two, 11, 23, 20, 27, 30, 29, 39, 32, 35, 44, 51, 50, 52, 54, 57, 72, 63, 70, 75, 61

orange_sheet_037.JPG
Card one:
13, nine, six, 11, one, 18, 25, 17, 29, 20, 41, 35, 45, 33, 48, 59, 54, 50, 47, 73, 69, 64, 67, 70
Card two:
Nine, 13, 10, one, five, 16, 22, 19, 28, 17, 42, 38, 35, 43, 52, 56, 50, 60, 57, 66, 74, 62, 69, 67
Card three:
15, six, 13, seven, eight, 19, 26, 17, 21, 22, 42, 31, 34, 44, 50, 54, 51, 56, 48, 72, 70, 67, 61, 64

green_sheet_037.JPG
Card one:
Six, two, four, 14, 15, 16, 22, 28, 17, 20, 39, 41, 42, 34, 56, 51, 53, 48, 55, 61, 71, 69, 65, 75
Card two:
Four, 14, 13, one, nine, 29, 25, 28, 19, 24, 31, 35, 36, 45, 52, 46, 47, 56, 58, 72, 71, 62, 63, 65
Card three:
12, four, 15, 14, seven, 24, 23, 18, 29, 19, 41, 31, 36, 45, 57, 58, 54, 49, 52, 68, 62, 63, 61, 70

yellow_sheet_037.JPG
Card one:
Two, seven, 12, three, 15, 17, 20, 28, 22, 29, 40, 36, 32, 43, 55, 58, 53, 49, 48, 75, 66, 70, 71, 65
Card two:
10, 13, 12, three, 14, 30, 25, 17, 19, 28, 33, 34, 36, 37, 60, 49, 51, 53, 55, 71, 61, 70, 68, 66
Card three:
Eight, three, four, one, six, 24, 26, 29, 21, 20, 45, 32, 33, 43, 57, 51, 47, 59, 46, 68, 63, 74, 67, 62

pink_sheet_037.JPG
Card one:
13, six, 14, seven, 15, 18, 23, 29, 16, 20, 32, 34, 38, 40, 58, 55, 56, 54, 60, 71, 69, 65, 61, 73
Card 2:
11, 13, three, 10, 12, 20, 19, 21, 30, 24, 40, 41, 43, 42, 60, 58, 59, 51, 47, 67, 63, 61, 74, 69
Card three:
10, two, 13, 15, 14, 18, 24, 26, 29, 27, 42, 32, 41, 36, 50, 51, 52, 57, 55, 75, 69, 63, 74, 70

gray_sheet_037.JPG
Card one:
12, one, 13, six, 10, 19, 24, 29, 18, 22, 31, 43, 37, 44, 56, 48, 59, 52, 54, 73, 69, 75, 67, 63
Card two:
Seven, six, two, 11, 15, 16, 23, 28, 26, 19, 33, 35, 42, 40, 60, 47, 57, 50, 55, 67, 69, 61, 64, 68
Card three:
Six, 10, 13, 15, eight, 17, 18, 20, 21, 22, 41, 34, 36, 33, 55, 57, 52, 56, 49, 70, 63, 75, 72, 73

oliveGreen_sheet_037.JPG
Card one:
Five, one, two, nine, 14, 22, 27, 19, 26, 18, 45, 32, 35, 37, 53, 56, 47, 50, 48, 73, 75, 68, 63, 66
Card two:
Seven, 13, four, eight, three, 26, 25, 18, 28, 30, 40, 44, 31, 36, 55, 59, 46, 51, 54, 71, 64, 67, 63, 69
Card three:
10, two, nine, 15, three, 20, 27, 22, 16, 28, 37, 44, 39, 43, 56, 50, 49, 59, 60, 63, 74, 61, 66, 71

brown_sheet_037.JPG
Card one:
Nine, four, three, 12, six, 30, 24, 22, 19, 16, 33, 34, 31, 37, 54, 47, 51, 49, 59, 66, 63, 72, 75, 69
Cards two:
Four, 10, 11, 12, 14, 17, 30, 28, 21, 27, 36, 39, 33, 31, 46, 59, 50, 55, 52, 72, 74, 71, 66, 73
Card three:
11, seven, 13, 14, one, 21, 27, 20, 24, 26, 45, 31, 43, 35, 59, 56, 50, 58, 53, 75, 64, 71, 68, 73

red_sheet_037.JPG
Card one:
12, four, five, 11, 15, 24, 20, 19, 27, 22, 40, 37, 42, 45, 58, 51, 57, 46, 54, 61, 72, 66, 74, 67
Card two:
11, six, 12, four, two, 18, 29, 26, 17, 30, 33, 44, 32, 31, 56, 49, 55, 51, 48, 75, 67, 62, 71, 69
Card three:
14, one, nine, four, 10, 21, 17, 18, 22, 28, 43, 31, 32, 37, 50, 55, 59, 52, 47, 75, 64, 69, 63, 66

hotPink_sheet_037.JPG
Card one:
15, 10, three, eight, 13, 17, 21, 25, 18, 23, 37, 32, 44, 45, 47, 52, 56, 57, 54, 72, 66, 71, 67, 61
Card two:
10, eight, 12, one, 11, 17, 19, 16, 21, 22, 41, 35, 44, 32, 60, 52, 55, 56, 53, 69, 64, 66, 62, 68
Card three:
Nine, six, 11, eight, three, 20, 28, 27, 30, 26, 33, 40, 34, 35, 55, 48, 51, 50, 54, 74, 70, 71, 75, 61

#------------------------------------------------------------

