in_1788419637.png:
Card one:
Nine, 10, 11, two, 15, 18, 22, 17, 24, 29, 45, 34, 42, 43, 47, 51, 58, 59, 53, 66, 61, 69, 73, 72
Card two:
One, 11, 10, 14, seven, 29, 28, 22, 16, 25, 34, 36, 35, 39, 47, 59, 60, 48, 56, 71, 70, 66, 64, 63
Card three:
Five, seven, 12, nine, six, 25, 18, 27, 16, 30, 41, 33, 34, 32, 49, 50, 47, 57, 53, 67, 63, 75, 73, 64

# ---------------------------------------------

in_1788436281.png:
Card one:
Eight, 15, two, 10, six, 21, 27, 16, 29, 24, 44, 37, 38, 33, 53, 60, 48, 52, 55, 62, 69, 74, 73, 66
Cards two:
Four, 13, 14, 10, 12, 20, 23, 30, 22, 26, 38, 35, 33, 32, 55, 49, 47, 60, 58, 71, 65, 61, 74, 72
Card three:
14, 15, six, four, 11, 21, 16, 18, 19, 23, 38, 41, 36, 31, 51, 54, 56, 50, 59, 65, 71, 67, 63, 75

